/*--------------------------------*- C++ -*----------------------------------*\
| =========                 |                                                 |
| \\      /  F ield         | foam-extend: Open Source CFD                    |
|  \\    /   O peration     | Version:     3.1                                |
|   \\  /    A nd           | Web:         http://www.extend-project.de       |
|    \\/     M anipulation  |                                                 |
\*---------------------------------------------------------------------------*/
FoamFile
{
    version     2.0;
    format      ascii;
    class       regIOobject;
    location    "constant/polyMesh";
    object      faceZones;
}
// * * * * * * * * * * * * * * * * * * * * * * * * * * * * * * * * * * * * * //

2
(
rotor_cyclic_upper_faces
{
    type faceZone;
faceLabels      List<label> 
4680
(
607907
607908
607909
607910
607911
607912
607913
607914
607915
607916
607917
607918
607919
607920
607921
607922
607923
607924
607925
607926
607927
607928
607929
607930
607931
607932
607933
607934
607935
607936
607937
607938
607939
607940
607941
607942
607943
607944
607945
607946
607947
607948
607949
607950
607951
607952
607953
607954
607955
607956
607957
607958
607959
607960
607961
607962
607963
607964
607965
607966
607967
607968
607969
607970
607971
607972
607973
607974
607975
607976
607977
607978
607979
607980
607981
607982
607983
607984
607985
607986
607987
607988
607989
607990
607991
607992
607993
607994
607995
607996
607997
607998
607999
608000
608001
608002
608003
608004
608005
608006
608007
608008
608009
608010
608011
608012
608013
608014
608015
608016
608017
608018
608019
608020
608021
608022
608023
608024
608025
608026
608027
608028
608029
608030
608031
608032
608033
608034
608035
608036
608037
608038
608039
608040
608041
608042
608043
608044
608045
608046
608047
608048
608049
608050
608051
608052
608053
608054
608055
608056
608057
608058
608059
608060
608061
608062
608063
608064
608065
608066
608067
608068
608069
608070
608071
608072
608073
608074
608075
608076
608077
608078
608079
608080
608081
608082
608083
608084
608085
608086
608087
608088
608089
608090
608091
608092
608093
608094
608095
608096
608097
608098
608099
608100
608101
608102
608103
608104
608105
608106
608107
608108
608109
608110
608111
608112
608113
608114
608115
608116
608117
608118
608119
608120
608121
608122
608123
608124
608125
608126
608127
608128
608129
608130
608131
608132
608133
608134
608135
608136
608137
608138
608139
608140
608141
608142
608143
608144
608145
608146
608147
608148
608149
608150
608151
608152
608153
608154
608155
608156
608157
608158
608159
608160
608161
608162
608163
608164
608165
608166
608167
608168
608169
608170
608171
608172
608173
608174
608175
608176
608177
608178
608179
608180
608181
608182
608183
608184
608185
608186
608187
608188
608189
608190
608191
608192
608193
608194
608195
608196
608197
608198
608199
608200
608201
608202
608203
608204
608205
608206
608207
608208
608209
608210
608211
608212
608213
608214
608215
608216
608217
608218
608219
608220
608221
608222
608223
608224
608225
608226
608227
608228
608229
608230
608231
608232
608233
608234
608235
608236
608237
608238
608239
608240
608241
608242
608243
608244
608245
608246
608247
608248
608249
608250
608251
608252
608253
608254
608255
608256
608257
608258
608259
608260
608261
608262
608263
608264
608265
608266
608267
608268
608269
608270
608271
608272
608273
608274
608275
608276
608277
608278
608279
608280
608281
608282
608283
608284
608285
608286
608287
608288
608289
608290
608291
608292
608293
608294
608295
608296
608297
608298
608299
608300
608301
608302
608303
608304
608305
608306
608307
608308
608309
608310
608311
608312
608313
608314
608315
608316
608317
608318
608319
608320
608321
608322
608323
608324
608325
608326
608327
608328
608329
608330
608331
608332
608333
608334
608335
608336
608337
608338
608339
608340
608341
608342
608343
608344
608345
608346
608347
608348
608349
608350
608351
608352
608353
608354
608355
608356
608357
608358
608359
608360
608361
608362
608363
608364
608365
608366
608367
608368
608369
608370
608371
608372
608373
608374
608375
608376
608377
608378
608379
608380
608381
608382
608383
608384
608385
608386
608387
608388
608389
608390
608391
608392
608393
608394
608395
608396
608397
608398
608399
608400
608401
608402
608403
608404
608405
608406
608407
608408
608409
608410
608411
608412
608413
608414
608415
608416
608417
608418
608419
608420
608421
608422
608423
608424
608425
608426
608427
608428
608429
608430
608431
608432
608433
608434
608435
608436
608437
608438
608439
608440
608441
608442
608443
608444
608445
608446
608447
608448
608449
608450
608451
608452
608453
608454
608455
608456
608457
608458
608459
608460
608461
608462
608463
608464
608465
608466
608467
608468
608469
608470
608471
608472
608473
608474
608475
608476
608477
608478
608479
608480
608481
608482
608483
608484
608485
608486
608487
608488
608489
608490
608491
608492
608493
608494
608495
608496
608497
608498
608499
608500
608501
608502
608503
608504
608505
608506
608507
608508
608509
608510
608511
608512
608513
608514
608515
608516
608517
608518
608519
608520
608521
608522
608523
608524
608525
608526
608527
608528
608529
608530
608531
608532
608533
608534
608535
608536
608537
608538
608539
608540
608541
608542
608543
608544
608545
608546
608547
608548
608549
608550
608551
608552
608553
608554
608555
608556
608557
608558
608559
608560
608561
608562
608563
608564
608565
608566
608567
608568
608569
608570
608571
608572
608573
608574
608575
608576
608577
608578
608579
608580
608581
608582
608583
608584
608585
608586
608587
608588
608589
608590
608591
608592
608593
608594
608595
608596
608597
608598
608599
608600
608601
608602
608603
608604
608605
608606
608607
608608
608609
608610
608611
608612
608613
608614
608615
608616
608617
608618
608619
608620
608621
608622
608623
608624
608625
608626
608627
608628
608629
608630
608631
608632
608633
608634
608635
608636
608637
608638
608639
608640
608641
608642
608643
608644
608645
608646
608647
608648
608649
608650
608651
608652
608653
608654
608655
608656
608657
608658
608659
608660
608661
608662
608663
608664
608665
608666
608667
608668
608669
608670
608671
608672
608673
608674
608675
608676
608677
608678
608679
608680
608681
608682
608683
608684
608685
608686
608687
608688
608689
608690
608691
608692
608693
608694
608695
608696
608697
608698
608699
608700
608701
608702
608703
608704
608705
608706
608707
608708
608709
608710
608711
608712
608713
608714
608715
608716
608717
608718
608719
608720
608721
608722
608723
608724
608725
608726
608727
608728
608729
608730
608731
608732
608733
608734
608735
608736
608737
608738
608739
608740
608741
608742
608743
608744
608745
608746
608747
608748
608749
608750
608751
608752
608753
608754
608755
608756
608757
608758
608759
608760
608761
608762
608763
608764
608765
608766
608767
608768
608769
608770
608771
608772
608773
608774
608775
608776
608777
608778
608779
608780
608781
608782
608783
608784
608785
608786
608787
608788
608789
608790
608791
608792
608793
608794
608795
608796
608797
608798
608799
608800
608801
608802
608803
608804
608805
608806
608807
608808
608809
608810
608811
608812
608813
608814
608815
608816
608817
608818
608819
608820
608821
608822
608823
608824
608825
608826
608827
608828
608829
608830
608831
608832
608833
608834
608835
608836
608837
608838
608839
608840
608841
608842
608843
608844
608845
608846
608847
608848
608849
608850
608851
608852
608853
608854
608855
608856
608857
608858
608859
608860
608861
608862
608863
608864
608865
608866
608867
608868
608869
608870
608871
608872
608873
608874
608875
608876
608877
608878
608879
608880
608881
608882
608883
608884
608885
608886
608887
608888
608889
608890
608891
608892
608893
608894
608895
608896
608897
608898
608899
608900
608901
608902
608903
608904
608905
608906
608907
608908
608909
608910
608911
608912
608913
608914
608915
608916
608917
608918
608919
608920
608921
608922
608923
608924
608925
608926
608927
608928
608929
608930
608931
608932
608933
608934
608935
608936
608937
608938
608939
608940
608941
608942
608943
608944
608945
608946
608947
608948
608949
608950
608951
608952
608953
608954
608955
608956
608957
608958
608959
608960
608961
608962
608963
608964
608965
608966
608967
608968
608969
608970
608971
608972
608973
608974
608975
608976
608977
608978
608979
608980
608981
608982
608983
608984
608985
608986
608987
608988
608989
608990
608991
608992
608993
608994
608995
608996
608997
608998
608999
609000
609001
609002
609003
609004
609005
609006
609007
609008
609009
609010
609011
609012
609013
609014
609015
609016
609017
609018
609019
609020
609021
609022
609023
609024
609025
609026
609027
609028
609029
609030
609031
609032
609033
609034
609035
609036
609037
609038
609039
609040
609041
609042
609043
609044
609045
609046
609047
609048
609049
609050
609051
609052
609053
609054
609055
609056
609057
609058
609059
609060
609061
609062
609063
609064
609065
609066
609067
609068
609069
609070
609071
609072
609073
609074
609075
609076
609077
609078
609079
609080
609081
609082
609083
609084
609085
609086
609087
609088
609089
609090
609091
609092
609093
609094
609095
609096
609097
609098
609099
609100
609101
609102
609103
609104
609105
609106
609107
609108
609109
609110
609111
609112
609113
609114
609115
609116
609117
609118
609119
609120
609121
609122
609123
609124
609125
609126
609127
609128
609129
609130
609131
609132
609133
609134
609135
609136
609137
609138
609139
609140
609141
609142
609143
609144
609145
609146
609147
609148
609149
609150
609151
609152
609153
609154
609155
609156
609157
609158
609159
609160
609161
609162
609163
609164
609165
609166
609167
609168
609169
609170
609171
609172
609173
609174
609175
609176
609177
609178
609179
609180
609181
609182
609183
609184
609185
609186
609187
609188
609189
609190
609191
609192
609193
609194
609195
609196
609197
609198
609199
609200
609201
609202
609203
609204
609205
609206
609207
609208
609209
609210
609211
609212
609213
609214
609215
609216
609217
609218
609219
609220
609221
609222
609223
609224
609225
609226
609227
609228
609229
609230
609231
609232
609233
609234
609235
609236
609237
609238
609239
609240
609241
609242
609243
609244
609245
609246
609247
609248
609249
609250
609251
609252
609253
609254
609255
609256
609257
609258
609259
609260
609261
609262
609263
609264
609265
609266
609267
609268
609269
609270
609271
609272
609273
609274
609275
609276
609277
609278
609279
609280
609281
609282
609283
609284
609285
609286
609287
609288
609289
609290
609291
609292
609293
609294
609295
609296
609297
609298
609299
609300
609301
609302
609303
609304
609305
609306
609307
609308
609309
609310
609311
609312
609313
609314
609315
609316
609317
609318
609319
609320
609321
609322
609323
609324
609325
609326
609327
609328
609329
609330
609331
609332
609333
609334
609335
609336
609337
609338
609339
609340
609341
609342
609343
609344
609345
609346
609347
609348
609349
609350
609351
609352
609353
609354
609355
609356
609357
609358
609359
609360
609361
609362
609363
609364
609365
609366
609367
609368
609369
609370
609371
609372
609373
609374
609375
609376
609377
609378
609379
609380
609381
609382
609383
609384
609385
609386
609387
609388
609389
609390
609391
609392
609393
609394
609395
609396
609397
609398
609399
609400
609401
609402
609403
609404
609405
609406
609407
609408
609409
609410
609411
609412
609413
609414
609415
609416
609417
609418
609419
609420
609421
609422
609423
609424
609425
609426
609427
609428
609429
609430
609431
609432
609433
609434
609435
609436
609437
609438
609439
609440
609441
609442
609443
609444
609445
609446
609447
609448
609449
609450
609451
609452
609453
609454
609455
609456
609457
609458
609459
609460
609461
609462
609463
609464
609465
609466
609467
609468
609469
609470
609471
609472
609473
609474
609475
609476
609477
609478
609479
609480
609481
609482
609483
609484
609485
609486
609487
609488
609489
609490
609491
609492
609493
609494
609495
609496
609497
609498
609499
609500
609501
609502
609503
609504
609505
609506
609507
609508
609509
609510
609511
609512
609513
609514
609515
609516
609517
609518
609519
609520
609521
609522
609523
609524
609525
609526
609527
609528
609529
609530
609531
609532
609533
609534
609535
609536
609537
609538
609539
609540
609541
609542
609543
609544
609545
609546
609547
609548
609549
609550
609551
609552
609553
609554
609555
609556
609557
609558
609559
609560
609561
609562
609563
609564
609565
609566
609567
609568
609569
609570
609571
609572
609573
609574
609575
609576
609577
609578
609579
609580
609581
609582
609583
609584
609585
609586
609587
609588
609589
609590
609591
609592
609593
609594
609595
609596
609597
609598
609599
609600
609601
609602
609603
609604
609605
609606
609607
609608
609609
609610
609611
609612
609613
609614
609615
609616
609617
609618
609619
609620
609621
609622
609623
609624
609625
609626
609627
609628
609629
609630
609631
609632
609633
609634
609635
609636
609637
609638
609639
609640
609641
609642
609643
609644
609645
609646
609647
609648
609649
609650
609651
609652
609653
609654
609655
609656
609657
609658
609659
609660
609661
609662
609663
609664
609665
609666
609667
609668
609669
609670
609671
609672
609673
609674
609675
609676
609677
609678
609679
609680
609681
609682
609683
609684
609685
609686
609687
609688
609689
609690
609691
609692
609693
609694
609695
609696
609697
609698
609699
609700
609701
609702
609703
609704
609705
609706
609707
609708
609709
609710
609711
609712
609713
609714
609715
609716
609717
609718
609719
609720
609721
609722
609723
609724
609725
609726
609727
609728
609729
609730
609731
609732
609733
609734
609735
609736
609737
609738
609739
609740
609741
609742
609743
609744
609745
609746
609747
609748
609749
609750
609751
609752
609753
609754
609755
609756
609757
609758
609759
609760
609761
609762
609763
609764
609765
609766
609767
609768
609769
609770
609771
609772
609773
609774
609775
609776
609777
609778
609779
609780
609781
609782
609783
609784
609785
609786
609787
609788
609789
609790
609791
609792
609793
609794
609795
609796
609797
609798
609799
609800
609801
609802
609803
609804
609805
609806
609807
609808
609809
609810
609811
609812
609813
609814
609815
609816
609817
609818
609819
609820
609821
609822
609823
609824
609825
609826
609827
609828
609829
609830
609831
609832
609833
609834
609835
609836
609837
609838
609839
609840
609841
609842
609843
609844
609845
609846
609847
609848
609849
609850
609851
609852
609853
609854
609855
609856
609857
609858
609859
609860
609861
609862
609863
609864
609865
609866
609867
609868
609869
609870
609871
609872
609873
609874
609875
609876
609877
609878
609879
609880
609881
609882
609883
609884
609885
609886
609887
609888
609889
609890
609891
609892
609893
609894
609895
609896
609897
609898
609899
609900
609901
609902
609903
609904
609905
609906
609907
609908
609909
609910
609911
609912
609913
609914
609915
609916
609917
609918
609919
609920
609921
609922
609923
609924
609925
609926
609927
609928
609929
609930
609931
609932
609933
609934
609935
609936
609937
609938
609939
609940
609941
609942
609943
609944
609945
609946
609947
609948
609949
609950
609951
609952
609953
609954
609955
609956
609957
609958
609959
609960
609961
609962
609963
609964
609965
609966
609967
609968
609969
609970
609971
609972
609973
609974
609975
609976
609977
609978
609979
609980
609981
609982
609983
609984
609985
609986
609987
609988
609989
609990
609991
609992
609993
609994
609995
609996
609997
609998
609999
610000
610001
610002
610003
610004
610005
610006
610007
610008
610009
610010
610011
610012
610013
610014
610015
610016
610017
610018
610019
610020
610021
610022
610023
610024
610025
610026
610027
610028
610029
610030
610031
610032
610033
610034
610035
610036
610037
610038
610039
610040
610041
610042
610043
610044
610045
610046
610047
610048
610049
610050
610051
610052
610053
610054
610055
610056
610057
610058
610059
610060
610061
610062
610063
610064
610065
610066
610067
610068
610069
610070
610071
610072
610073
610074
610075
610076
610077
610078
610079
610080
610081
610082
610083
610084
610085
610086
610087
610088
610089
610090
610091
610092
610093
610094
610095
610096
610097
610098
610099
610100
610101
610102
610103
610104
610105
610106
610107
610108
610109
610110
610111
610112
610113
610114
610115
610116
610117
610118
610119
610120
610121
610122
610123
610124
610125
610126
610127
610128
610129
610130
610131
610132
610133
610134
610135
610136
610137
610138
610139
610140
610141
610142
610143
610144
610145
610146
610147
610148
610149
610150
610151
610152
610153
610154
610155
610156
610157
610158
610159
610160
610161
610162
610163
610164
610165
610166
610167
610168
610169
610170
610171
610172
610173
610174
610175
610176
610177
610178
610179
610180
610181
610182
610183
610184
610185
610186
610187
610188
610189
610190
610191
610192
610193
610194
610195
610196
610197
610198
610199
610200
610201
610202
610203
610204
610205
610206
610207
610208
610209
610210
610211
610212
610213
610214
610215
610216
610217
610218
610219
610220
610221
610222
610223
610224
610225
610226
610227
610228
610229
610230
610231
610232
610233
610234
610235
610236
610237
610238
610239
610240
610241
610242
610243
610244
610245
610246
610247
610248
610249
610250
610251
610252
610253
610254
610255
610256
610257
610258
610259
610260
610261
610262
610263
610264
610265
610266
610267
610268
610269
610270
610271
610272
610273
610274
610275
610276
610277
610278
610279
610280
610281
610282
610283
610284
610285
610286
610287
610288
610289
610290
610291
610292
610293
610294
610295
610296
610297
610298
610299
610300
610301
610302
610303
610304
610305
610306
610307
610308
610309
610310
610311
610312
610313
610314
610315
610316
610317
610318
610319
610320
610321
610322
610323
610324
610325
610326
610327
610328
610329
610330
610331
610332
610333
610334
610335
610336
610337
610338
610339
610340
610341
610342
610343
610344
610345
610346
610347
610348
610349
610350
610351
610352
610353
610354
610355
610356
610357
610358
610359
610360
610361
610362
610363
610364
610365
610366
610367
610368
610369
610370
610371
610372
610373
610374
610375
610376
610377
610378
610379
610380
610381
610382
610383
610384
610385
610386
610387
610388
610389
610390
610391
610392
610393
610394
610395
610396
610397
610398
610399
610400
610401
610402
610403
610404
610405
610406
610407
610408
610409
610410
610411
610412
610413
610414
610415
610416
610417
610418
610419
610420
610421
610422
610423
610424
610425
610426
610427
610428
610429
610430
610431
610432
610433
610434
610435
610436
610437
610438
610439
610440
610441
610442
610443
610444
610445
610446
610447
610448
610449
610450
610451
610452
610453
610454
610455
610456
610457
610458
610459
610460
610461
610462
610463
610464
610465
610466
610467
610468
610469
610470
610471
610472
610473
610474
610475
610476
610477
610478
610479
610480
610481
610482
610483
610484
610485
610486
610487
610488
610489
610490
610491
610492
610493
610494
610495
610496
610497
610498
610499
610500
610501
610502
610503
610504
610505
610506
610507
610508
610509
610510
610511
610512
610513
610514
610515
610516
610517
610518
610519
610520
610521
610522
610523
610524
610525
610526
610527
610528
610529
610530
610531
610532
610533
610534
610535
610536
610537
610538
610539
610540
610541
610542
610543
610544
610545
610546
610547
610548
610549
610550
610551
610552
610553
610554
610555
610556
610557
610558
610559
610560
610561
610562
610563
610564
610565
610566
610567
610568
610569
610570
610571
610572
610573
610574
610575
610576
610577
610578
610579
610580
610581
610582
610583
610584
610585
610586
610587
610588
610589
610590
610591
610592
610593
610594
610595
610596
610597
610598
610599
610600
610601
610602
610603
610604
610605
610606
610607
610608
610609
610610
610611
610612
610613
610614
610615
610616
610617
610618
610619
610620
610621
610622
610623
610624
610625
610626
610627
610628
610629
610630
610631
610632
610633
610634
610635
610636
610637
610638
610639
610640
610641
610642
610643
610644
610645
610646
610647
610648
610649
610650
610651
610652
610653
610654
610655
610656
610657
610658
610659
610660
610661
610662
610663
610664
610665
610666
610667
610668
610669
610670
610671
610672
610673
610674
610675
610676
610677
610678
610679
610680
610681
610682
610683
610684
610685
610686
610687
610688
610689
610690
610691
610692
610693
610694
610695
610696
610697
610698
610699
610700
610701
610702
610703
610704
610705
610706
610707
610708
610709
610710
610711
610712
610713
610714
610715
610716
610717
610718
610719
610720
610721
610722
610723
610724
610725
610726
610727
610728
610729
610730
610731
610732
610733
610734
610735
610736
610737
610738
610739
610740
610741
610742
610743
610744
610745
610746
610747
610748
610749
610750
610751
610752
610753
610754
610755
610756
610757
610758
610759
610760
610761
610762
610763
610764
610765
610766
610767
610768
610769
610770
610771
610772
610773
610774
610775
610776
610777
610778
610779
610780
610781
610782
610783
610784
610785
610786
610787
610788
610789
610790
610791
610792
610793
610794
610795
610796
610797
610798
610799
610800
610801
610802
610803
610804
610805
610806
610807
610808
610809
610810
610811
610812
610813
610814
610815
610816
610817
610818
610819
610820
610821
610822
610823
610824
610825
610826
610827
610828
610829
610830
610831
610832
610833
610834
610835
610836
610837
610838
610839
610840
610841
610842
610843
610844
610845
610846
610847
610848
610849
610850
610851
610852
610853
610854
610855
610856
610857
610858
610859
610860
610861
610862
610863
610864
610865
610866
610867
610868
610869
610870
610871
610872
610873
610874
610875
610876
610877
610878
610879
610880
610881
610882
610883
610884
610885
610886
610887
610888
610889
610890
610891
610892
610893
610894
610895
610896
610897
610898
610899
610900
610901
610902
610903
610904
610905
610906
610907
610908
610909
610910
610911
610912
610913
610914
610915
610916
610917
610918
610919
610920
610921
610922
610923
610924
610925
610926
610927
610928
610929
610930
610931
610932
610933
610934
610935
610936
610937
610938
610939
610940
610941
610942
610943
610944
610945
610946
610947
610948
610949
610950
610951
610952
610953
610954
610955
610956
610957
610958
610959
610960
610961
610962
610963
610964
610965
610966
610967
610968
610969
610970
610971
610972
610973
610974
610975
610976
610977
610978
610979
610980
610981
610982
610983
610984
610985
610986
610987
610988
610989
610990
610991
610992
610993
610994
610995
610996
610997
610998
610999
611000
611001
611002
611003
611004
611005
611006
611007
611008
611009
611010
611011
611012
611013
611014
611015
611016
611017
611018
611019
611020
611021
611022
611023
611024
611025
611026
611027
611028
611029
611030
611031
611032
611033
611034
611035
611036
611037
611038
611039
611040
611041
611042
611043
611044
611045
611046
611047
611048
611049
611050
611051
611052
611053
611054
611055
611056
611057
611058
611059
611060
611061
611062
611063
611064
611065
611066
611067
611068
611069
611070
611071
611072
611073
611074
611075
611076
611077
611078
611079
611080
611081
611082
611083
611084
611085
611086
611087
611088
611089
611090
611091
611092
611093
611094
611095
611096
611097
611098
611099
611100
611101
611102
611103
611104
611105
611106
611107
611108
611109
611110
611111
611112
611113
611114
611115
611116
611117
611118
611119
611120
611121
611122
611123
611124
611125
611126
611127
611128
611129
611130
611131
611132
611133
611134
611135
611136
611137
611138
611139
611140
611141
611142
611143
611144
611145
611146
611147
611148
611149
611150
611151
611152
611153
611154
611155
611156
611157
611158
611159
611160
611161
611162
611163
611164
611165
611166
611167
611168
611169
611170
611171
611172
611173
611174
611175
611176
611177
611178
611179
611180
611181
611182
611183
611184
611185
611186
611187
611188
611189
611190
611191
611192
611193
611194
611195
611196
611197
611198
611199
611200
611201
611202
611203
611204
611205
611206
611207
611208
611209
611210
611211
611212
611213
611214
611215
611216
611217
611218
611219
611220
611221
611222
611223
611224
611225
611226
611227
611228
611229
611230
611231
611232
611233
611234
611235
611236
611237
611238
611239
611240
611241
611242
611243
611244
611245
611246
611247
611248
611249
611250
611251
611252
611253
611254
611255
611256
611257
611258
611259
611260
611261
611262
611263
611264
611265
611266
611267
611268
611269
611270
611271
611272
611273
611274
611275
611276
611277
611278
611279
611280
611281
611282
611283
611284
611285
611286
611287
611288
611289
611290
611291
611292
611293
611294
611295
611296
611297
611298
611299
611300
611301
611302
611303
611304
611305
611306
611307
611308
611309
611310
611311
611312
611313
611314
611315
611316
611317
611318
611319
611320
611321
611322
611323
611324
611325
611326
611327
611328
611329
611330
611331
611332
611333
611334
611335
611336
611337
611338
611339
611340
611341
611342
611343
611344
611345
611346
611347
611348
611349
611350
611351
611352
611353
611354
611355
611356
611357
611358
611359
611360
611361
611362
611363
611364
611365
611366
611367
611368
611369
611370
611371
611372
611373
611374
611375
611376
611377
611378
611379
611380
611381
611382
611383
611384
611385
611386
611387
611388
611389
611390
611391
611392
611393
611394
611395
611396
611397
611398
611399
611400
611401
611402
611403
611404
611405
611406
611407
611408
611409
611410
611411
611412
611413
611414
611415
611416
611417
611418
611419
611420
611421
611422
611423
611424
611425
611426
611427
611428
611429
611430
611431
611432
611433
611434
611435
611436
611437
611438
611439
611440
611441
611442
611443
611444
611445
611446
611447
611448
611449
611450
611451
611452
611453
611454
611455
611456
611457
611458
611459
611460
611461
611462
611463
611464
611465
611466
611467
611468
611469
611470
611471
611472
611473
611474
611475
611476
611477
611478
611479
611480
611481
611482
611483
611484
611485
611486
611487
611488
611489
611490
611491
611492
611493
611494
611495
611496
611497
611498
611499
611500
611501
611502
611503
611504
611505
611506
611507
611508
611509
611510
611511
611512
611513
611514
611515
611516
611517
611518
611519
611520
611521
611522
611523
611524
611525
611526
611527
611528
611529
611530
611531
611532
611533
611534
611535
611536
611537
611538
611539
611540
611541
611542
611543
611544
611545
611546
611547
611548
611549
611550
611551
611552
611553
611554
611555
611556
611557
611558
611559
611560
611561
611562
611563
611564
611565
611566
611567
611568
611569
611570
611571
611572
611573
611574
611575
611576
611577
611578
611579
611580
611581
611582
611583
611584
611585
611586
611587
611588
611589
611590
611591
611592
611593
611594
611595
611596
611597
611598
611599
611600
611601
611602
611603
611604
611605
611606
611607
611608
611609
611610
611611
611612
611613
611614
611615
611616
611617
611618
611619
611620
611621
611622
611623
611624
611625
611626
611627
611628
611629
611630
611631
611632
611633
611634
611635
611636
611637
611638
611639
611640
611641
611642
611643
611644
611645
611646
611647
611648
611649
611650
611651
611652
611653
611654
611655
611656
611657
611658
611659
611660
611661
611662
611663
611664
611665
611666
611667
611668
611669
611670
611671
611672
611673
611674
611675
611676
611677
611678
611679
611680
611681
611682
611683
611684
611685
611686
611687
611688
611689
611690
611691
611692
611693
611694
611695
611696
611697
611698
611699
611700
611701
611702
611703
611704
611705
611706
611707
611708
611709
611710
611711
611712
611713
611714
611715
611716
611717
611718
611719
611720
611721
611722
611723
611724
611725
611726
611727
611728
611729
611730
611731
611732
611733
611734
611735
611736
611737
611738
611739
611740
611741
611742
611743
611744
611745
611746
611747
611748
611749
611750
611751
611752
611753
611754
611755
611756
611757
611758
611759
611760
611761
611762
611763
611764
611765
611766
611767
611768
611769
611770
611771
611772
611773
611774
611775
611776
611777
611778
611779
611780
611781
611782
611783
611784
611785
611786
611787
611788
611789
611790
611791
611792
611793
611794
611795
611796
611797
611798
611799
611800
611801
611802
611803
611804
611805
611806
611807
611808
611809
611810
611811
611812
611813
611814
611815
611816
611817
611818
611819
611820
611821
611822
611823
611824
611825
611826
611827
611828
611829
611830
611831
611832
611833
611834
611835
611836
611837
611838
611839
611840
611841
611842
611843
611844
611845
611846
611847
611848
611849
611850
611851
611852
611853
611854
611855
611856
611857
611858
611859
611860
611861
611862
611863
611864
611865
611866
611867
611868
611869
611870
611871
611872
611873
611874
611875
611876
611877
611878
611879
611880
611881
611882
611883
611884
611885
611886
611887
611888
611889
611890
611891
611892
611893
611894
611895
611896
611897
611898
611899
611900
611901
611902
611903
611904
611905
611906
611907
611908
611909
611910
611911
611912
611913
611914
611915
611916
611917
611918
611919
611920
611921
611922
611923
611924
611925
611926
611927
611928
611929
611930
611931
611932
611933
611934
611935
611936
611937
611938
611939
611940
611941
611942
611943
611944
611945
611946
611947
611948
611949
611950
611951
611952
611953
611954
611955
611956
611957
611958
611959
611960
611961
611962
611963
611964
611965
611966
611967
611968
611969
611970
611971
611972
611973
611974
611975
611976
611977
611978
611979
611980
611981
611982
611983
611984
611985
611986
611987
611988
611989
611990
611991
611992
611993
611994
611995
611996
611997
611998
611999
612000
612001
612002
612003
612004
612005
612006
612007
612008
612009
612010
612011
612012
612013
612014
612015
612016
612017
612018
612019
612020
612021
612022
612023
612024
612025
612026
612027
612028
612029
612030
612031
612032
612033
612034
612035
612036
612037
612038
612039
612040
612041
612042
612043
612044
612045
612046
612047
612048
612049
612050
612051
612052
612053
612054
612055
612056
612057
612058
612059
612060
612061
612062
612063
612064
612065
612066
612067
612068
612069
612070
612071
612072
612073
612074
612075
612076
612077
612078
612079
612080
612081
612082
612083
612084
612085
612086
612087
612088
612089
612090
612091
612092
612093
612094
612095
612096
612097
612098
612099
612100
612101
612102
612103
612104
612105
612106
612107
612108
612109
612110
612111
612112
612113
612114
612115
612116
612117
612118
612119
612120
612121
612122
612123
612124
612125
612126
612127
612128
612129
612130
612131
612132
612133
612134
612135
612136
612137
612138
612139
612140
612141
612142
612143
612144
612145
612146
612147
612148
612149
612150
612151
612152
612153
612154
612155
612156
612157
612158
612159
612160
612161
612162
612163
612164
612165
612166
612167
612168
612169
612170
612171
612172
612173
612174
612175
612176
612177
612178
612179
612180
612181
612182
612183
612184
612185
612186
612187
612188
612189
612190
612191
612192
612193
612194
612195
612196
612197
612198
612199
612200
612201
612202
612203
612204
612205
612206
612207
612208
612209
612210
612211
612212
612213
612214
612215
612216
612217
612218
612219
612220
612221
612222
612223
612224
612225
612226
612227
612228
612229
612230
612231
612232
612233
612234
612235
612236
612237
612238
612239
612240
612241
612242
612243
612244
612245
612246
612247
612248
612249
612250
612251
612252
612253
612254
612255
612256
612257
612258
612259
612260
612261
612262
612263
612264
612265
612266
612267
612268
612269
612270
612271
612272
612273
612274
612275
612276
612277
612278
612279
612280
612281
612282
612283
612284
612285
612286
612287
612288
612289
612290
612291
612292
612293
612294
612295
612296
612297
612298
612299
612300
612301
612302
612303
612304
612305
612306
612307
612308
612309
612310
612311
612312
612313
612314
612315
612316
612317
612318
612319
612320
612321
612322
612323
612324
612325
612326
612327
612328
612329
612330
612331
612332
612333
612334
612335
612336
612337
612338
612339
612340
612341
612342
612343
612344
612345
612346
612347
612348
612349
612350
612351
612352
612353
612354
612355
612356
612357
612358
612359
612360
612361
612362
612363
612364
612365
612366
612367
612368
612369
612370
612371
612372
612373
612374
612375
612376
612377
612378
612379
612380
612381
612382
612383
612384
612385
612386
612387
612388
612389
612390
612391
612392
612393
612394
612395
612396
612397
612398
612399
612400
612401
612402
612403
612404
612405
612406
612407
612408
612409
612410
612411
612412
612413
612414
612415
612416
612417
612418
612419
612420
612421
612422
612423
612424
612425
612426
612427
612428
612429
612430
612431
612432
612433
612434
612435
612436
612437
612438
612439
612440
612441
612442
612443
612444
612445
612446
612447
612448
612449
612450
612451
612452
612453
612454
612455
612456
612457
612458
612459
612460
612461
612462
612463
612464
612465
612466
612467
612468
612469
612470
612471
612472
612473
612474
612475
612476
612477
612478
612479
612480
612481
612482
612483
612484
612485
612486
612487
612488
612489
612490
612491
612492
612493
612494
612495
612496
612497
612498
612499
612500
612501
612502
612503
612504
612505
612506
612507
612508
612509
612510
612511
612512
612513
612514
612515
612516
612517
612518
612519
612520
612521
612522
612523
612524
612525
612526
612527
612528
612529
612530
612531
612532
612533
612534
612535
612536
612537
612538
612539
612540
612541
612542
612543
612544
612545
612546
612547
612548
612549
612550
612551
612552
612553
612554
612555
612556
612557
612558
612559
612560
612561
612562
612563
612564
612565
612566
612567
612568
612569
612570
612571
612572
612573
612574
612575
612576
612577
612578
612579
612580
612581
612582
612583
612584
612585
612586
)
;
flipMap         List<bool> 4680{0};
}

rotor_cyclic_lower_faces
{
    type faceZone;
faceLabels      List<label> 
4680
(
603227
603228
603229
603230
603231
603232
603233
603234
603235
603236
603237
603238
603239
603240
603241
603242
603243
603244
603245
603246
603247
603248
603249
603250
603251
603252
603253
603254
603255
603256
603257
603258
603259
603260
603261
603262
603263
603264
603265
603266
603267
603268
603269
603270
603271
603272
603273
603274
603275
603276
603277
603278
603279
603280
603281
603282
603283
603284
603285
603286
603287
603288
603289
603290
603291
603292
603293
603294
603295
603296
603297
603298
603299
603300
603301
603302
603303
603304
603305
603306
603307
603308
603309
603310
603311
603312
603313
603314
603315
603316
603317
603318
603319
603320
603321
603322
603323
603324
603325
603326
603327
603328
603329
603330
603331
603332
603333
603334
603335
603336
603337
603338
603339
603340
603341
603342
603343
603344
603345
603346
603347
603348
603349
603350
603351
603352
603353
603354
603355
603356
603357
603358
603359
603360
603361
603362
603363
603364
603365
603366
603367
603368
603369
603370
603371
603372
603373
603374
603375
603376
603377
603378
603379
603380
603381
603382
603383
603384
603385
603386
603387
603388
603389
603390
603391
603392
603393
603394
603395
603396
603397
603398
603399
603400
603401
603402
603403
603404
603405
603406
603407
603408
603409
603410
603411
603412
603413
603414
603415
603416
603417
603418
603419
603420
603421
603422
603423
603424
603425
603426
603427
603428
603429
603430
603431
603432
603433
603434
603435
603436
603437
603438
603439
603440
603441
603442
603443
603444
603445
603446
603447
603448
603449
603450
603451
603452
603453
603454
603455
603456
603457
603458
603459
603460
603461
603462
603463
603464
603465
603466
603467
603468
603469
603470
603471
603472
603473
603474
603475
603476
603477
603478
603479
603480
603481
603482
603483
603484
603485
603486
603487
603488
603489
603490
603491
603492
603493
603494
603495
603496
603497
603498
603499
603500
603501
603502
603503
603504
603505
603506
603507
603508
603509
603510
603511
603512
603513
603514
603515
603516
603517
603518
603519
603520
603521
603522
603523
603524
603525
603526
603527
603528
603529
603530
603531
603532
603533
603534
603535
603536
603537
603538
603539
603540
603541
603542
603543
603544
603545
603546
603547
603548
603549
603550
603551
603552
603553
603554
603555
603556
603557
603558
603559
603560
603561
603562
603563
603564
603565
603566
603567
603568
603569
603570
603571
603572
603573
603574
603575
603576
603577
603578
603579
603580
603581
603582
603583
603584
603585
603586
603587
603588
603589
603590
603591
603592
603593
603594
603595
603596
603597
603598
603599
603600
603601
603602
603603
603604
603605
603606
603607
603608
603609
603610
603611
603612
603613
603614
603615
603616
603617
603618
603619
603620
603621
603622
603623
603624
603625
603626
603627
603628
603629
603630
603631
603632
603633
603634
603635
603636
603637
603638
603639
603640
603641
603642
603643
603644
603645
603646
603647
603648
603649
603650
603651
603652
603653
603654
603655
603656
603657
603658
603659
603660
603661
603662
603663
603664
603665
603666
603667
603668
603669
603670
603671
603672
603673
603674
603675
603676
603677
603678
603679
603680
603681
603682
603683
603684
603685
603686
603687
603688
603689
603690
603691
603692
603693
603694
603695
603696
603697
603698
603699
603700
603701
603702
603703
603704
603705
603706
603707
603708
603709
603710
603711
603712
603713
603714
603715
603716
603717
603718
603719
603720
603721
603722
603723
603724
603725
603726
603727
603728
603729
603730
603731
603732
603733
603734
603735
603736
603737
603738
603739
603740
603741
603742
603743
603744
603745
603746
603747
603748
603749
603750
603751
603752
603753
603754
603755
603756
603757
603758
603759
603760
603761
603762
603763
603764
603765
603766
603767
603768
603769
603770
603771
603772
603773
603774
603775
603776
603777
603778
603779
603780
603781
603782
603783
603784
603785
603786
603787
603788
603789
603790
603791
603792
603793
603794
603795
603796
603797
603798
603799
603800
603801
603802
603803
603804
603805
603806
603807
603808
603809
603810
603811
603812
603813
603814
603815
603816
603817
603818
603819
603820
603821
603822
603823
603824
603825
603826
603827
603828
603829
603830
603831
603832
603833
603834
603835
603836
603837
603838
603839
603840
603841
603842
603843
603844
603845
603846
603847
603848
603849
603850
603851
603852
603853
603854
603855
603856
603857
603858
603859
603860
603861
603862
603863
603864
603865
603866
603867
603868
603869
603870
603871
603872
603873
603874
603875
603876
603877
603878
603879
603880
603881
603882
603883
603884
603885
603886
603887
603888
603889
603890
603891
603892
603893
603894
603895
603896
603897
603898
603899
603900
603901
603902
603903
603904
603905
603906
603907
603908
603909
603910
603911
603912
603913
603914
603915
603916
603917
603918
603919
603920
603921
603922
603923
603924
603925
603926
603927
603928
603929
603930
603931
603932
603933
603934
603935
603936
603937
603938
603939
603940
603941
603942
603943
603944
603945
603946
603947
603948
603949
603950
603951
603952
603953
603954
603955
603956
603957
603958
603959
603960
603961
603962
603963
603964
603965
603966
603967
603968
603969
603970
603971
603972
603973
603974
603975
603976
603977
603978
603979
603980
603981
603982
603983
603984
603985
603986
603987
603988
603989
603990
603991
603992
603993
603994
603995
603996
603997
603998
603999
604000
604001
604002
604003
604004
604005
604006
604007
604008
604009
604010
604011
604012
604013
604014
604015
604016
604017
604018
604019
604020
604021
604022
604023
604024
604025
604026
604027
604028
604029
604030
604031
604032
604033
604034
604035
604036
604037
604038
604039
604040
604041
604042
604043
604044
604045
604046
604047
604048
604049
604050
604051
604052
604053
604054
604055
604056
604057
604058
604059
604060
604061
604062
604063
604064
604065
604066
604067
604068
604069
604070
604071
604072
604073
604074
604075
604076
604077
604078
604079
604080
604081
604082
604083
604084
604085
604086
604087
604088
604089
604090
604091
604092
604093
604094
604095
604096
604097
604098
604099
604100
604101
604102
604103
604104
604105
604106
604107
604108
604109
604110
604111
604112
604113
604114
604115
604116
604117
604118
604119
604120
604121
604122
604123
604124
604125
604126
604127
604128
604129
604130
604131
604132
604133
604134
604135
604136
604137
604138
604139
604140
604141
604142
604143
604144
604145
604146
604147
604148
604149
604150
604151
604152
604153
604154
604155
604156
604157
604158
604159
604160
604161
604162
604163
604164
604165
604166
604167
604168
604169
604170
604171
604172
604173
604174
604175
604176
604177
604178
604179
604180
604181
604182
604183
604184
604185
604186
604187
604188
604189
604190
604191
604192
604193
604194
604195
604196
604197
604198
604199
604200
604201
604202
604203
604204
604205
604206
604207
604208
604209
604210
604211
604212
604213
604214
604215
604216
604217
604218
604219
604220
604221
604222
604223
604224
604225
604226
604227
604228
604229
604230
604231
604232
604233
604234
604235
604236
604237
604238
604239
604240
604241
604242
604243
604244
604245
604246
604247
604248
604249
604250
604251
604252
604253
604254
604255
604256
604257
604258
604259
604260
604261
604262
604263
604264
604265
604266
604267
604268
604269
604270
604271
604272
604273
604274
604275
604276
604277
604278
604279
604280
604281
604282
604283
604284
604285
604286
604287
604288
604289
604290
604291
604292
604293
604294
604295
604296
604297
604298
604299
604300
604301
604302
604303
604304
604305
604306
604307
604308
604309
604310
604311
604312
604313
604314
604315
604316
604317
604318
604319
604320
604321
604322
604323
604324
604325
604326
604327
604328
604329
604330
604331
604332
604333
604334
604335
604336
604337
604338
604339
604340
604341
604342
604343
604344
604345
604346
604347
604348
604349
604350
604351
604352
604353
604354
604355
604356
604357
604358
604359
604360
604361
604362
604363
604364
604365
604366
604367
604368
604369
604370
604371
604372
604373
604374
604375
604376
604377
604378
604379
604380
604381
604382
604383
604384
604385
604386
604387
604388
604389
604390
604391
604392
604393
604394
604395
604396
604397
604398
604399
604400
604401
604402
604403
604404
604405
604406
604407
604408
604409
604410
604411
604412
604413
604414
604415
604416
604417
604418
604419
604420
604421
604422
604423
604424
604425
604426
604427
604428
604429
604430
604431
604432
604433
604434
604435
604436
604437
604438
604439
604440
604441
604442
604443
604444
604445
604446
604447
604448
604449
604450
604451
604452
604453
604454
604455
604456
604457
604458
604459
604460
604461
604462
604463
604464
604465
604466
604467
604468
604469
604470
604471
604472
604473
604474
604475
604476
604477
604478
604479
604480
604481
604482
604483
604484
604485
604486
604487
604488
604489
604490
604491
604492
604493
604494
604495
604496
604497
604498
604499
604500
604501
604502
604503
604504
604505
604506
604507
604508
604509
604510
604511
604512
604513
604514
604515
604516
604517
604518
604519
604520
604521
604522
604523
604524
604525
604526
604527
604528
604529
604530
604531
604532
604533
604534
604535
604536
604537
604538
604539
604540
604541
604542
604543
604544
604545
604546
604547
604548
604549
604550
604551
604552
604553
604554
604555
604556
604557
604558
604559
604560
604561
604562
604563
604564
604565
604566
604567
604568
604569
604570
604571
604572
604573
604574
604575
604576
604577
604578
604579
604580
604581
604582
604583
604584
604585
604586
604587
604588
604589
604590
604591
604592
604593
604594
604595
604596
604597
604598
604599
604600
604601
604602
604603
604604
604605
604606
604607
604608
604609
604610
604611
604612
604613
604614
604615
604616
604617
604618
604619
604620
604621
604622
604623
604624
604625
604626
604627
604628
604629
604630
604631
604632
604633
604634
604635
604636
604637
604638
604639
604640
604641
604642
604643
604644
604645
604646
604647
604648
604649
604650
604651
604652
604653
604654
604655
604656
604657
604658
604659
604660
604661
604662
604663
604664
604665
604666
604667
604668
604669
604670
604671
604672
604673
604674
604675
604676
604677
604678
604679
604680
604681
604682
604683
604684
604685
604686
604687
604688
604689
604690
604691
604692
604693
604694
604695
604696
604697
604698
604699
604700
604701
604702
604703
604704
604705
604706
604707
604708
604709
604710
604711
604712
604713
604714
604715
604716
604717
604718
604719
604720
604721
604722
604723
604724
604725
604726
604727
604728
604729
604730
604731
604732
604733
604734
604735
604736
604737
604738
604739
604740
604741
604742
604743
604744
604745
604746
604747
604748
604749
604750
604751
604752
604753
604754
604755
604756
604757
604758
604759
604760
604761
604762
604763
604764
604765
604766
604767
604768
604769
604770
604771
604772
604773
604774
604775
604776
604777
604778
604779
604780
604781
604782
604783
604784
604785
604786
604787
604788
604789
604790
604791
604792
604793
604794
604795
604796
604797
604798
604799
604800
604801
604802
604803
604804
604805
604806
604807
604808
604809
604810
604811
604812
604813
604814
604815
604816
604817
604818
604819
604820
604821
604822
604823
604824
604825
604826
604827
604828
604829
604830
604831
604832
604833
604834
604835
604836
604837
604838
604839
604840
604841
604842
604843
604844
604845
604846
604847
604848
604849
604850
604851
604852
604853
604854
604855
604856
604857
604858
604859
604860
604861
604862
604863
604864
604865
604866
604867
604868
604869
604870
604871
604872
604873
604874
604875
604876
604877
604878
604879
604880
604881
604882
604883
604884
604885
604886
604887
604888
604889
604890
604891
604892
604893
604894
604895
604896
604897
604898
604899
604900
604901
604902
604903
604904
604905
604906
604907
604908
604909
604910
604911
604912
604913
604914
604915
604916
604917
604918
604919
604920
604921
604922
604923
604924
604925
604926
604927
604928
604929
604930
604931
604932
604933
604934
604935
604936
604937
604938
604939
604940
604941
604942
604943
604944
604945
604946
604947
604948
604949
604950
604951
604952
604953
604954
604955
604956
604957
604958
604959
604960
604961
604962
604963
604964
604965
604966
604967
604968
604969
604970
604971
604972
604973
604974
604975
604976
604977
604978
604979
604980
604981
604982
604983
604984
604985
604986
604987
604988
604989
604990
604991
604992
604993
604994
604995
604996
604997
604998
604999
605000
605001
605002
605003
605004
605005
605006
605007
605008
605009
605010
605011
605012
605013
605014
605015
605016
605017
605018
605019
605020
605021
605022
605023
605024
605025
605026
605027
605028
605029
605030
605031
605032
605033
605034
605035
605036
605037
605038
605039
605040
605041
605042
605043
605044
605045
605046
605047
605048
605049
605050
605051
605052
605053
605054
605055
605056
605057
605058
605059
605060
605061
605062
605063
605064
605065
605066
605067
605068
605069
605070
605071
605072
605073
605074
605075
605076
605077
605078
605079
605080
605081
605082
605083
605084
605085
605086
605087
605088
605089
605090
605091
605092
605093
605094
605095
605096
605097
605098
605099
605100
605101
605102
605103
605104
605105
605106
605107
605108
605109
605110
605111
605112
605113
605114
605115
605116
605117
605118
605119
605120
605121
605122
605123
605124
605125
605126
605127
605128
605129
605130
605131
605132
605133
605134
605135
605136
605137
605138
605139
605140
605141
605142
605143
605144
605145
605146
605147
605148
605149
605150
605151
605152
605153
605154
605155
605156
605157
605158
605159
605160
605161
605162
605163
605164
605165
605166
605167
605168
605169
605170
605171
605172
605173
605174
605175
605176
605177
605178
605179
605180
605181
605182
605183
605184
605185
605186
605187
605188
605189
605190
605191
605192
605193
605194
605195
605196
605197
605198
605199
605200
605201
605202
605203
605204
605205
605206
605207
605208
605209
605210
605211
605212
605213
605214
605215
605216
605217
605218
605219
605220
605221
605222
605223
605224
605225
605226
605227
605228
605229
605230
605231
605232
605233
605234
605235
605236
605237
605238
605239
605240
605241
605242
605243
605244
605245
605246
605247
605248
605249
605250
605251
605252
605253
605254
605255
605256
605257
605258
605259
605260
605261
605262
605263
605264
605265
605266
605267
605268
605269
605270
605271
605272
605273
605274
605275
605276
605277
605278
605279
605280
605281
605282
605283
605284
605285
605286
605287
605288
605289
605290
605291
605292
605293
605294
605295
605296
605297
605298
605299
605300
605301
605302
605303
605304
605305
605306
605307
605308
605309
605310
605311
605312
605313
605314
605315
605316
605317
605318
605319
605320
605321
605322
605323
605324
605325
605326
605327
605328
605329
605330
605331
605332
605333
605334
605335
605336
605337
605338
605339
605340
605341
605342
605343
605344
605345
605346
605347
605348
605349
605350
605351
605352
605353
605354
605355
605356
605357
605358
605359
605360
605361
605362
605363
605364
605365
605366
605367
605368
605369
605370
605371
605372
605373
605374
605375
605376
605377
605378
605379
605380
605381
605382
605383
605384
605385
605386
605387
605388
605389
605390
605391
605392
605393
605394
605395
605396
605397
605398
605399
605400
605401
605402
605403
605404
605405
605406
605407
605408
605409
605410
605411
605412
605413
605414
605415
605416
605417
605418
605419
605420
605421
605422
605423
605424
605425
605426
605427
605428
605429
605430
605431
605432
605433
605434
605435
605436
605437
605438
605439
605440
605441
605442
605443
605444
605445
605446
605447
605448
605449
605450
605451
605452
605453
605454
605455
605456
605457
605458
605459
605460
605461
605462
605463
605464
605465
605466
605467
605468
605469
605470
605471
605472
605473
605474
605475
605476
605477
605478
605479
605480
605481
605482
605483
605484
605485
605486
605487
605488
605489
605490
605491
605492
605493
605494
605495
605496
605497
605498
605499
605500
605501
605502
605503
605504
605505
605506
605507
605508
605509
605510
605511
605512
605513
605514
605515
605516
605517
605518
605519
605520
605521
605522
605523
605524
605525
605526
605527
605528
605529
605530
605531
605532
605533
605534
605535
605536
605537
605538
605539
605540
605541
605542
605543
605544
605545
605546
605547
605548
605549
605550
605551
605552
605553
605554
605555
605556
605557
605558
605559
605560
605561
605562
605563
605564
605565
605566
605567
605568
605569
605570
605571
605572
605573
605574
605575
605576
605577
605578
605579
605580
605581
605582
605583
605584
605585
605586
605587
605588
605589
605590
605591
605592
605593
605594
605595
605596
605597
605598
605599
605600
605601
605602
605603
605604
605605
605606
605607
605608
605609
605610
605611
605612
605613
605614
605615
605616
605617
605618
605619
605620
605621
605622
605623
605624
605625
605626
605627
605628
605629
605630
605631
605632
605633
605634
605635
605636
605637
605638
605639
605640
605641
605642
605643
605644
605645
605646
605647
605648
605649
605650
605651
605652
605653
605654
605655
605656
605657
605658
605659
605660
605661
605662
605663
605664
605665
605666
605667
605668
605669
605670
605671
605672
605673
605674
605675
605676
605677
605678
605679
605680
605681
605682
605683
605684
605685
605686
605687
605688
605689
605690
605691
605692
605693
605694
605695
605696
605697
605698
605699
605700
605701
605702
605703
605704
605705
605706
605707
605708
605709
605710
605711
605712
605713
605714
605715
605716
605717
605718
605719
605720
605721
605722
605723
605724
605725
605726
605727
605728
605729
605730
605731
605732
605733
605734
605735
605736
605737
605738
605739
605740
605741
605742
605743
605744
605745
605746
605747
605748
605749
605750
605751
605752
605753
605754
605755
605756
605757
605758
605759
605760
605761
605762
605763
605764
605765
605766
605767
605768
605769
605770
605771
605772
605773
605774
605775
605776
605777
605778
605779
605780
605781
605782
605783
605784
605785
605786
605787
605788
605789
605790
605791
605792
605793
605794
605795
605796
605797
605798
605799
605800
605801
605802
605803
605804
605805
605806
605807
605808
605809
605810
605811
605812
605813
605814
605815
605816
605817
605818
605819
605820
605821
605822
605823
605824
605825
605826
605827
605828
605829
605830
605831
605832
605833
605834
605835
605836
605837
605838
605839
605840
605841
605842
605843
605844
605845
605846
605847
605848
605849
605850
605851
605852
605853
605854
605855
605856
605857
605858
605859
605860
605861
605862
605863
605864
605865
605866
605867
605868
605869
605870
605871
605872
605873
605874
605875
605876
605877
605878
605879
605880
605881
605882
605883
605884
605885
605886
605887
605888
605889
605890
605891
605892
605893
605894
605895
605896
605897
605898
605899
605900
605901
605902
605903
605904
605905
605906
605907
605908
605909
605910
605911
605912
605913
605914
605915
605916
605917
605918
605919
605920
605921
605922
605923
605924
605925
605926
605927
605928
605929
605930
605931
605932
605933
605934
605935
605936
605937
605938
605939
605940
605941
605942
605943
605944
605945
605946
605947
605948
605949
605950
605951
605952
605953
605954
605955
605956
605957
605958
605959
605960
605961
605962
605963
605964
605965
605966
605967
605968
605969
605970
605971
605972
605973
605974
605975
605976
605977
605978
605979
605980
605981
605982
605983
605984
605985
605986
605987
605988
605989
605990
605991
605992
605993
605994
605995
605996
605997
605998
605999
606000
606001
606002
606003
606004
606005
606006
606007
606008
606009
606010
606011
606012
606013
606014
606015
606016
606017
606018
606019
606020
606021
606022
606023
606024
606025
606026
606027
606028
606029
606030
606031
606032
606033
606034
606035
606036
606037
606038
606039
606040
606041
606042
606043
606044
606045
606046
606047
606048
606049
606050
606051
606052
606053
606054
606055
606056
606057
606058
606059
606060
606061
606062
606063
606064
606065
606066
606067
606068
606069
606070
606071
606072
606073
606074
606075
606076
606077
606078
606079
606080
606081
606082
606083
606084
606085
606086
606087
606088
606089
606090
606091
606092
606093
606094
606095
606096
606097
606098
606099
606100
606101
606102
606103
606104
606105
606106
606107
606108
606109
606110
606111
606112
606113
606114
606115
606116
606117
606118
606119
606120
606121
606122
606123
606124
606125
606126
606127
606128
606129
606130
606131
606132
606133
606134
606135
606136
606137
606138
606139
606140
606141
606142
606143
606144
606145
606146
606147
606148
606149
606150
606151
606152
606153
606154
606155
606156
606157
606158
606159
606160
606161
606162
606163
606164
606165
606166
606167
606168
606169
606170
606171
606172
606173
606174
606175
606176
606177
606178
606179
606180
606181
606182
606183
606184
606185
606186
606187
606188
606189
606190
606191
606192
606193
606194
606195
606196
606197
606198
606199
606200
606201
606202
606203
606204
606205
606206
606207
606208
606209
606210
606211
606212
606213
606214
606215
606216
606217
606218
606219
606220
606221
606222
606223
606224
606225
606226
606227
606228
606229
606230
606231
606232
606233
606234
606235
606236
606237
606238
606239
606240
606241
606242
606243
606244
606245
606246
606247
606248
606249
606250
606251
606252
606253
606254
606255
606256
606257
606258
606259
606260
606261
606262
606263
606264
606265
606266
606267
606268
606269
606270
606271
606272
606273
606274
606275
606276
606277
606278
606279
606280
606281
606282
606283
606284
606285
606286
606287
606288
606289
606290
606291
606292
606293
606294
606295
606296
606297
606298
606299
606300
606301
606302
606303
606304
606305
606306
606307
606308
606309
606310
606311
606312
606313
606314
606315
606316
606317
606318
606319
606320
606321
606322
606323
606324
606325
606326
606327
606328
606329
606330
606331
606332
606333
606334
606335
606336
606337
606338
606339
606340
606341
606342
606343
606344
606345
606346
606347
606348
606349
606350
606351
606352
606353
606354
606355
606356
606357
606358
606359
606360
606361
606362
606363
606364
606365
606366
606367
606368
606369
606370
606371
606372
606373
606374
606375
606376
606377
606378
606379
606380
606381
606382
606383
606384
606385
606386
606387
606388
606389
606390
606391
606392
606393
606394
606395
606396
606397
606398
606399
606400
606401
606402
606403
606404
606405
606406
606407
606408
606409
606410
606411
606412
606413
606414
606415
606416
606417
606418
606419
606420
606421
606422
606423
606424
606425
606426
606427
606428
606429
606430
606431
606432
606433
606434
606435
606436
606437
606438
606439
606440
606441
606442
606443
606444
606445
606446
606447
606448
606449
606450
606451
606452
606453
606454
606455
606456
606457
606458
606459
606460
606461
606462
606463
606464
606465
606466
606467
606468
606469
606470
606471
606472
606473
606474
606475
606476
606477
606478
606479
606480
606481
606482
606483
606484
606485
606486
606487
606488
606489
606490
606491
606492
606493
606494
606495
606496
606497
606498
606499
606500
606501
606502
606503
606504
606505
606506
606507
606508
606509
606510
606511
606512
606513
606514
606515
606516
606517
606518
606519
606520
606521
606522
606523
606524
606525
606526
606527
606528
606529
606530
606531
606532
606533
606534
606535
606536
606537
606538
606539
606540
606541
606542
606543
606544
606545
606546
606547
606548
606549
606550
606551
606552
606553
606554
606555
606556
606557
606558
606559
606560
606561
606562
606563
606564
606565
606566
606567
606568
606569
606570
606571
606572
606573
606574
606575
606576
606577
606578
606579
606580
606581
606582
606583
606584
606585
606586
606587
606588
606589
606590
606591
606592
606593
606594
606595
606596
606597
606598
606599
606600
606601
606602
606603
606604
606605
606606
606607
606608
606609
606610
606611
606612
606613
606614
606615
606616
606617
606618
606619
606620
606621
606622
606623
606624
606625
606626
606627
606628
606629
606630
606631
606632
606633
606634
606635
606636
606637
606638
606639
606640
606641
606642
606643
606644
606645
606646
606647
606648
606649
606650
606651
606652
606653
606654
606655
606656
606657
606658
606659
606660
606661
606662
606663
606664
606665
606666
606667
606668
606669
606670
606671
606672
606673
606674
606675
606676
606677
606678
606679
606680
606681
606682
606683
606684
606685
606686
606687
606688
606689
606690
606691
606692
606693
606694
606695
606696
606697
606698
606699
606700
606701
606702
606703
606704
606705
606706
606707
606708
606709
606710
606711
606712
606713
606714
606715
606716
606717
606718
606719
606720
606721
606722
606723
606724
606725
606726
606727
606728
606729
606730
606731
606732
606733
606734
606735
606736
606737
606738
606739
606740
606741
606742
606743
606744
606745
606746
606747
606748
606749
606750
606751
606752
606753
606754
606755
606756
606757
606758
606759
606760
606761
606762
606763
606764
606765
606766
606767
606768
606769
606770
606771
606772
606773
606774
606775
606776
606777
606778
606779
606780
606781
606782
606783
606784
606785
606786
606787
606788
606789
606790
606791
606792
606793
606794
606795
606796
606797
606798
606799
606800
606801
606802
606803
606804
606805
606806
606807
606808
606809
606810
606811
606812
606813
606814
606815
606816
606817
606818
606819
606820
606821
606822
606823
606824
606825
606826
606827
606828
606829
606830
606831
606832
606833
606834
606835
606836
606837
606838
606839
606840
606841
606842
606843
606844
606845
606846
606847
606848
606849
606850
606851
606852
606853
606854
606855
606856
606857
606858
606859
606860
606861
606862
606863
606864
606865
606866
606867
606868
606869
606870
606871
606872
606873
606874
606875
606876
606877
606878
606879
606880
606881
606882
606883
606884
606885
606886
606887
606888
606889
606890
606891
606892
606893
606894
606895
606896
606897
606898
606899
606900
606901
606902
606903
606904
606905
606906
606907
606908
606909
606910
606911
606912
606913
606914
606915
606916
606917
606918
606919
606920
606921
606922
606923
606924
606925
606926
606927
606928
606929
606930
606931
606932
606933
606934
606935
606936
606937
606938
606939
606940
606941
606942
606943
606944
606945
606946
606947
606948
606949
606950
606951
606952
606953
606954
606955
606956
606957
606958
606959
606960
606961
606962
606963
606964
606965
606966
606967
606968
606969
606970
606971
606972
606973
606974
606975
606976
606977
606978
606979
606980
606981
606982
606983
606984
606985
606986
606987
606988
606989
606990
606991
606992
606993
606994
606995
606996
606997
606998
606999
607000
607001
607002
607003
607004
607005
607006
607007
607008
607009
607010
607011
607012
607013
607014
607015
607016
607017
607018
607019
607020
607021
607022
607023
607024
607025
607026
607027
607028
607029
607030
607031
607032
607033
607034
607035
607036
607037
607038
607039
607040
607041
607042
607043
607044
607045
607046
607047
607048
607049
607050
607051
607052
607053
607054
607055
607056
607057
607058
607059
607060
607061
607062
607063
607064
607065
607066
607067
607068
607069
607070
607071
607072
607073
607074
607075
607076
607077
607078
607079
607080
607081
607082
607083
607084
607085
607086
607087
607088
607089
607090
607091
607092
607093
607094
607095
607096
607097
607098
607099
607100
607101
607102
607103
607104
607105
607106
607107
607108
607109
607110
607111
607112
607113
607114
607115
607116
607117
607118
607119
607120
607121
607122
607123
607124
607125
607126
607127
607128
607129
607130
607131
607132
607133
607134
607135
607136
607137
607138
607139
607140
607141
607142
607143
607144
607145
607146
607147
607148
607149
607150
607151
607152
607153
607154
607155
607156
607157
607158
607159
607160
607161
607162
607163
607164
607165
607166
607167
607168
607169
607170
607171
607172
607173
607174
607175
607176
607177
607178
607179
607180
607181
607182
607183
607184
607185
607186
607187
607188
607189
607190
607191
607192
607193
607194
607195
607196
607197
607198
607199
607200
607201
607202
607203
607204
607205
607206
607207
607208
607209
607210
607211
607212
607213
607214
607215
607216
607217
607218
607219
607220
607221
607222
607223
607224
607225
607226
607227
607228
607229
607230
607231
607232
607233
607234
607235
607236
607237
607238
607239
607240
607241
607242
607243
607244
607245
607246
607247
607248
607249
607250
607251
607252
607253
607254
607255
607256
607257
607258
607259
607260
607261
607262
607263
607264
607265
607266
607267
607268
607269
607270
607271
607272
607273
607274
607275
607276
607277
607278
607279
607280
607281
607282
607283
607284
607285
607286
607287
607288
607289
607290
607291
607292
607293
607294
607295
607296
607297
607298
607299
607300
607301
607302
607303
607304
607305
607306
607307
607308
607309
607310
607311
607312
607313
607314
607315
607316
607317
607318
607319
607320
607321
607322
607323
607324
607325
607326
607327
607328
607329
607330
607331
607332
607333
607334
607335
607336
607337
607338
607339
607340
607341
607342
607343
607344
607345
607346
607347
607348
607349
607350
607351
607352
607353
607354
607355
607356
607357
607358
607359
607360
607361
607362
607363
607364
607365
607366
607367
607368
607369
607370
607371
607372
607373
607374
607375
607376
607377
607378
607379
607380
607381
607382
607383
607384
607385
607386
607387
607388
607389
607390
607391
607392
607393
607394
607395
607396
607397
607398
607399
607400
607401
607402
607403
607404
607405
607406
607407
607408
607409
607410
607411
607412
607413
607414
607415
607416
607417
607418
607419
607420
607421
607422
607423
607424
607425
607426
607427
607428
607429
607430
607431
607432
607433
607434
607435
607436
607437
607438
607439
607440
607441
607442
607443
607444
607445
607446
607447
607448
607449
607450
607451
607452
607453
607454
607455
607456
607457
607458
607459
607460
607461
607462
607463
607464
607465
607466
607467
607468
607469
607470
607471
607472
607473
607474
607475
607476
607477
607478
607479
607480
607481
607482
607483
607484
607485
607486
607487
607488
607489
607490
607491
607492
607493
607494
607495
607496
607497
607498
607499
607500
607501
607502
607503
607504
607505
607506
607507
607508
607509
607510
607511
607512
607513
607514
607515
607516
607517
607518
607519
607520
607521
607522
607523
607524
607525
607526
607527
607528
607529
607530
607531
607532
607533
607534
607535
607536
607537
607538
607539
607540
607541
607542
607543
607544
607545
607546
607547
607548
607549
607550
607551
607552
607553
607554
607555
607556
607557
607558
607559
607560
607561
607562
607563
607564
607565
607566
607567
607568
607569
607570
607571
607572
607573
607574
607575
607576
607577
607578
607579
607580
607581
607582
607583
607584
607585
607586
607587
607588
607589
607590
607591
607592
607593
607594
607595
607596
607597
607598
607599
607600
607601
607602
607603
607604
607605
607606
607607
607608
607609
607610
607611
607612
607613
607614
607615
607616
607617
607618
607619
607620
607621
607622
607623
607624
607625
607626
607627
607628
607629
607630
607631
607632
607633
607634
607635
607636
607637
607638
607639
607640
607641
607642
607643
607644
607645
607646
607647
607648
607649
607650
607651
607652
607653
607654
607655
607656
607657
607658
607659
607660
607661
607662
607663
607664
607665
607666
607667
607668
607669
607670
607671
607672
607673
607674
607675
607676
607677
607678
607679
607680
607681
607682
607683
607684
607685
607686
607687
607688
607689
607690
607691
607692
607693
607694
607695
607696
607697
607698
607699
607700
607701
607702
607703
607704
607705
607706
607707
607708
607709
607710
607711
607712
607713
607714
607715
607716
607717
607718
607719
607720
607721
607722
607723
607724
607725
607726
607727
607728
607729
607730
607731
607732
607733
607734
607735
607736
607737
607738
607739
607740
607741
607742
607743
607744
607745
607746
607747
607748
607749
607750
607751
607752
607753
607754
607755
607756
607757
607758
607759
607760
607761
607762
607763
607764
607765
607766
607767
607768
607769
607770
607771
607772
607773
607774
607775
607776
607777
607778
607779
607780
607781
607782
607783
607784
607785
607786
607787
607788
607789
607790
607791
607792
607793
607794
607795
607796
607797
607798
607799
607800
607801
607802
607803
607804
607805
607806
607807
607808
607809
607810
607811
607812
607813
607814
607815
607816
607817
607818
607819
607820
607821
607822
607823
607824
607825
607826
607827
607828
607829
607830
607831
607832
607833
607834
607835
607836
607837
607838
607839
607840
607841
607842
607843
607844
607845
607846
607847
607848
607849
607850
607851
607852
607853
607854
607855
607856
607857
607858
607859
607860
607861
607862
607863
607864
607865
607866
607867
607868
607869
607870
607871
607872
607873
607874
607875
607876
607877
607878
607879
607880
607881
607882
607883
607884
607885
607886
607887
607888
607889
607890
607891
607892
607893
607894
607895
607896
607897
607898
607899
607900
607901
607902
607903
607904
607905
607906
)
;
flipMap         List<bool> 4680{0};
}
)

// ************************************************************************* //
